# This file is automatically generated by the curve_fit function
param n := 366 ;
param m := 7 ;
param X := 
1 1 1.000000e+00
1 2 0.000000e+00
1 3 0.000000e+00
1 4 0.000000e+00
1 5 0.000000e+00
1 6 0.000000e+00
1 7 0.000000e+00
2 1 1.000000e+00
2 2 1.000000e+00
2 3 1.000000e+00
2 4 1.000000e+00
2 5 1.000000e+00
2 6 1.000000e+00
2 7 1.000000e+00
3 1 1.000000e+00
3 2 2.000000e+00
3 3 4.000000e+00
3 4 8.000000e+00
3 5 1.600000e+01
3 6 3.200000e+01
3 7 6.400000e+01
4 1 1.000000e+00
4 2 3.000000e+00
4 3 9.000000e+00
4 4 2.700000e+01
4 5 8.100000e+01
4 6 2.430000e+02
4 7 7.290000e+02
5 1 1.000000e+00
5 2 4.000000e+00
5 3 1.600000e+01
5 4 6.400000e+01
5 5 2.560000e+02
5 6 1.024000e+03
5 7 4.096000e+03
6 1 1.000000e+00
6 2 5.000000e+00
6 3 2.500000e+01
6 4 1.250000e+02
6 5 6.250000e+02
6 6 3.125000e+03
6 7 1.562500e+04
7 1 1.000000e+00
7 2 6.000000e+00
7 3 3.600000e+01
7 4 2.160000e+02
7 5 1.296000e+03
7 6 7.776000e+03
7 7 4.665600e+04
8 1 1.000000e+00
8 2 7.000000e+00
8 3 4.900000e+01
8 4 3.430000e+02
8 5 2.401000e+03
8 6 1.680700e+04
8 7 1.176490e+05
9 1 1.000000e+00
9 2 8.000000e+00
9 3 6.400000e+01
9 4 5.120000e+02
9 5 4.096000e+03
9 6 3.276800e+04
9 7 2.621440e+05
10 1 1.000000e+00
10 2 9.000000e+00
10 3 8.100000e+01
10 4 7.290000e+02
10 5 6.561000e+03
10 6 5.904900e+04
10 7 5.314410e+05
11 1 1.000000e+00
11 2 1.000000e+01
11 3 1.000000e+02
11 4 1.000000e+03
11 5 1.000000e+04
11 6 1.000000e+05
11 7 1.000000e+06
12 1 1.000000e+00
12 2 1.100000e+01
12 3 1.210000e+02
12 4 1.331000e+03
12 5 1.464100e+04
12 6 1.610510e+05
12 7 1.771561e+06
13 1 1.000000e+00
13 2 1.200000e+01
13 3 1.440000e+02
13 4 1.728000e+03
13 5 2.073600e+04
13 6 2.488320e+05
13 7 2.985984e+06
14 1 1.000000e+00
14 2 1.300000e+01
14 3 1.690000e+02
14 4 2.197000e+03
14 5 2.856100e+04
14 6 3.712930e+05
14 7 4.826809e+06
15 1 1.000000e+00
15 2 1.400000e+01
15 3 1.960000e+02
15 4 2.744000e+03
15 5 3.841600e+04
15 6 5.378240e+05
15 7 7.529536e+06
16 1 1.000000e+00
16 2 1.500000e+01
16 3 2.250000e+02
16 4 3.375000e+03
16 5 5.062500e+04
16 6 7.593750e+05
16 7 1.139062e+07
17 1 1.000000e+00
17 2 1.600000e+01
17 3 2.560000e+02
17 4 4.096000e+03
17 5 6.553600e+04
17 6 1.048576e+06
17 7 1.677722e+07
18 1 1.000000e+00
18 2 1.700000e+01
18 3 2.890000e+02
18 4 4.913000e+03
18 5 8.352100e+04
18 6 1.419857e+06
18 7 2.413757e+07
19 1 1.000000e+00
19 2 1.800000e+01
19 3 3.240000e+02
19 4 5.832000e+03
19 5 1.049760e+05
19 6 1.889568e+06
19 7 3.401222e+07
20 1 1.000000e+00
20 2 1.900000e+01
20 3 3.610000e+02
20 4 6.859000e+03
20 5 1.303210e+05
20 6 2.476099e+06
20 7 4.704588e+07
21 1 1.000000e+00
21 2 2.000000e+01
21 3 4.000000e+02
21 4 8.000000e+03
21 5 1.600000e+05
21 6 3.200000e+06
21 7 6.400000e+07
22 1 1.000000e+00
22 2 2.100000e+01
22 3 4.410000e+02
22 4 9.261000e+03
22 5 1.944810e+05
22 6 4.084101e+06
22 7 8.576612e+07
23 1 1.000000e+00
23 2 2.200000e+01
23 3 4.840000e+02
23 4 1.064800e+04
23 5 2.342560e+05
23 6 5.153632e+06
23 7 1.133799e+08
24 1 1.000000e+00
24 2 2.300000e+01
24 3 5.290000e+02
24 4 1.216700e+04
24 5 2.798410e+05
24 6 6.436343e+06
24 7 1.480359e+08
25 1 1.000000e+00
25 2 2.400000e+01
25 3 5.760000e+02
25 4 1.382400e+04
25 5 3.317760e+05
25 6 7.962624e+06
25 7 1.911030e+08
26 1 1.000000e+00
26 2 2.500000e+01
26 3 6.250000e+02
26 4 1.562500e+04
26 5 3.906250e+05
26 6 9.765625e+06
26 7 2.441406e+08
27 1 1.000000e+00
27 2 2.600000e+01
27 3 6.760000e+02
27 4 1.757600e+04
27 5 4.569760e+05
27 6 1.188138e+07
27 7 3.089158e+08
28 1 1.000000e+00
28 2 2.700000e+01
28 3 7.290000e+02
28 4 1.968300e+04
28 5 5.314410e+05
28 6 1.434891e+07
28 7 3.874205e+08
29 1 1.000000e+00
29 2 2.800000e+01
29 3 7.840000e+02
29 4 2.195200e+04
29 5 6.146560e+05
29 6 1.721037e+07
29 7 4.818903e+08
30 1 1.000000e+00
30 2 2.900000e+01
30 3 8.410000e+02
30 4 2.438900e+04
30 5 7.072810e+05
30 6 2.051115e+07
30 7 5.948233e+08
31 1 1.000000e+00
31 2 3.000000e+01
31 3 9.000000e+02
31 4 2.700000e+04
31 5 8.100000e+05
31 6 2.430000e+07
31 7 7.290000e+08
32 1 1.000000e+00
32 2 3.100000e+01
32 3 9.610000e+02
32 4 2.979100e+04
32 5 9.235210e+05
32 6 2.862915e+07
32 7 8.875037e+08
33 1 1.000000e+00
33 2 3.200000e+01
33 3 1.024000e+03
33 4 3.276800e+04
33 5 1.048576e+06
33 6 3.355443e+07
33 7 1.073742e+09
34 1 1.000000e+00
34 2 3.300000e+01
34 3 1.089000e+03
34 4 3.593700e+04
34 5 1.185921e+06
34 6 3.913539e+07
34 7 1.291468e+09
35 1 1.000000e+00
35 2 3.400000e+01
35 3 1.156000e+03
35 4 3.930400e+04
35 5 1.336336e+06
35 6 4.543542e+07
35 7 1.544804e+09
36 1 1.000000e+00
36 2 3.500000e+01
36 3 1.225000e+03
36 4 4.287500e+04
36 5 1.500625e+06
36 6 5.252188e+07
36 7 1.838266e+09
37 1 1.000000e+00
37 2 3.600000e+01
37 3 1.296000e+03
37 4 4.665600e+04
37 5 1.679616e+06
37 6 6.046618e+07
37 7 2.176782e+09
38 1 1.000000e+00
38 2 3.700000e+01
38 3 1.369000e+03
38 4 5.065300e+04
38 5 1.874161e+06
38 6 6.934396e+07
38 7 2.565726e+09
39 1 1.000000e+00
39 2 3.800000e+01
39 3 1.444000e+03
39 4 5.487200e+04
39 5 2.085136e+06
39 6 7.923517e+07
39 7 3.010936e+09
40 1 1.000000e+00
40 2 3.900000e+01
40 3 1.521000e+03
40 4 5.931900e+04
40 5 2.313441e+06
40 6 9.022420e+07
40 7 3.518744e+09
41 1 1.000000e+00
41 2 4.000000e+01
41 3 1.600000e+03
41 4 6.400000e+04
41 5 2.560000e+06
41 6 1.024000e+08
41 7 4.096000e+09
42 1 1.000000e+00
42 2 4.100000e+01
42 3 1.681000e+03
42 4 6.892100e+04
42 5 2.825761e+06
42 6 1.158562e+08
42 7 4.750104e+09
43 1 1.000000e+00
43 2 4.200000e+01
43 3 1.764000e+03
43 4 7.408800e+04
43 5 3.111696e+06
43 6 1.306912e+08
43 7 5.489032e+09
44 1 1.000000e+00
44 2 4.300000e+01
44 3 1.849000e+03
44 4 7.950700e+04
44 5 3.418801e+06
44 6 1.470084e+08
44 7 6.321363e+09
45 1 1.000000e+00
45 2 4.400000e+01
45 3 1.936000e+03
45 4 8.518400e+04
45 5 3.748096e+06
45 6 1.649162e+08
45 7 7.256314e+09
46 1 1.000000e+00
46 2 4.500000e+01
46 3 2.025000e+03
46 4 9.112500e+04
46 5 4.100625e+06
46 6 1.845281e+08
46 7 8.303766e+09
47 1 1.000000e+00
47 2 4.600000e+01
47 3 2.116000e+03
47 4 9.733600e+04
47 5 4.477456e+06
47 6 2.059630e+08
47 7 9.474297e+09
48 1 1.000000e+00
48 2 4.700000e+01
48 3 2.209000e+03
48 4 1.038230e+05
48 5 4.879681e+06
48 6 2.293450e+08
48 7 1.077922e+10
49 1 1.000000e+00
49 2 4.800000e+01
49 3 2.304000e+03
49 4 1.105920e+05
49 5 5.308416e+06
49 6 2.548040e+08
49 7 1.223059e+10
50 1 1.000000e+00
50 2 4.900000e+01
50 3 2.401000e+03
50 4 1.176490e+05
50 5 5.764801e+06
50 6 2.824752e+08
50 7 1.384129e+10
51 1 1.000000e+00
51 2 5.000000e+01
51 3 2.500000e+03
51 4 1.250000e+05
51 5 6.250000e+06
51 6 3.125000e+08
51 7 1.562500e+10
52 1 1.000000e+00
52 2 5.100000e+01
52 3 2.601000e+03
52 4 1.326510e+05
52 5 6.765201e+06
52 6 3.450253e+08
52 7 1.759629e+10
53 1 1.000000e+00
53 2 5.200000e+01
53 3 2.704000e+03
53 4 1.406080e+05
53 5 7.311616e+06
53 6 3.802040e+08
53 7 1.977061e+10
54 1 1.000000e+00
54 2 5.300000e+01
54 3 2.809000e+03
54 4 1.488770e+05
54 5 7.890481e+06
54 6 4.181955e+08
54 7 2.216436e+10
55 1 1.000000e+00
55 2 5.400000e+01
55 3 2.916000e+03
55 4 1.574640e+05
55 5 8.503056e+06
55 6 4.591650e+08
55 7 2.479491e+10
56 1 1.000000e+00
56 2 5.500000e+01
56 3 3.025000e+03
56 4 1.663750e+05
56 5 9.150625e+06
56 6 5.032844e+08
56 7 2.768064e+10
57 1 1.000000e+00
57 2 5.600000e+01
57 3 3.136000e+03
57 4 1.756160e+05
57 5 9.834496e+06
57 6 5.507318e+08
57 7 3.084098e+10
58 1 1.000000e+00
58 2 5.700000e+01
58 3 3.249000e+03
58 4 1.851930e+05
58 5 1.055600e+07
58 6 6.016921e+08
58 7 3.429645e+10
59 1 1.000000e+00
59 2 5.800000e+01
59 3 3.364000e+03
59 4 1.951120e+05
59 5 1.131650e+07
59 6 6.563568e+08
59 7 3.806869e+10
60 1 1.000000e+00
60 2 5.900000e+01
60 3 3.481000e+03
60 4 2.053790e+05
60 5 1.211736e+07
60 6 7.149243e+08
60 7 4.218053e+10
61 1 1.000000e+00
61 2 6.000000e+01
61 3 3.600000e+03
61 4 2.160000e+05
61 5 1.296000e+07
61 6 7.776000e+08
61 7 4.665600e+10
62 1 1.000000e+00
62 2 6.100000e+01
62 3 3.721000e+03
62 4 2.269810e+05
62 5 1.384584e+07
62 6 8.445963e+08
62 7 5.152037e+10
63 1 1.000000e+00
63 2 6.200000e+01
63 3 3.844000e+03
63 4 2.383280e+05
63 5 1.477634e+07
63 6 9.161328e+08
63 7 5.680024e+10
64 1 1.000000e+00
64 2 6.300000e+01
64 3 3.969000e+03
64 4 2.500470e+05
64 5 1.575296e+07
64 6 9.924365e+08
64 7 6.252350e+10
65 1 1.000000e+00
65 2 6.400000e+01
65 3 4.096000e+03
65 4 2.621440e+05
65 5 1.677722e+07
65 6 1.073742e+09
65 7 6.871948e+10
66 1 1.000000e+00
66 2 6.500000e+01
66 3 4.225000e+03
66 4 2.746250e+05
66 5 1.785062e+07
66 6 1.160291e+09
66 7 7.541889e+10
67 1 1.000000e+00
67 2 6.600000e+01
67 3 4.356000e+03
67 4 2.874960e+05
67 5 1.897474e+07
67 6 1.252333e+09
67 7 8.265395e+10
68 1 1.000000e+00
68 2 6.700000e+01
68 3 4.489000e+03
68 4 3.007630e+05
68 5 2.015112e+07
68 6 1.350125e+09
68 7 9.045838e+10
69 1 1.000000e+00
69 2 6.800000e+01
69 3 4.624000e+03
69 4 3.144320e+05
69 5 2.138138e+07
69 6 1.453934e+09
69 7 9.886748e+10
70 1 1.000000e+00
70 2 6.900000e+01
70 3 4.761000e+03
70 4 3.285090e+05
70 5 2.266712e+07
70 6 1.564031e+09
70 7 1.079182e+11
71 1 1.000000e+00
71 2 7.000000e+01
71 3 4.900000e+03
71 4 3.430000e+05
71 5 2.401000e+07
71 6 1.680700e+09
71 7 1.176490e+11
72 1 1.000000e+00
72 2 7.100000e+01
72 3 5.041000e+03
72 4 3.579110e+05
72 5 2.541168e+07
72 6 1.804229e+09
72 7 1.281003e+11
73 1 1.000000e+00
73 2 7.200000e+01
73 3 5.184000e+03
73 4 3.732480e+05
73 5 2.687386e+07
73 6 1.934918e+09
73 7 1.393141e+11
74 1 1.000000e+00
74 2 7.300000e+01
74 3 5.329000e+03
74 4 3.890170e+05
74 5 2.839824e+07
74 6 2.073072e+09
74 7 1.513342e+11
75 1 1.000000e+00
75 2 7.400000e+01
75 3 5.476000e+03
75 4 4.052240e+05
75 5 2.998658e+07
75 6 2.219007e+09
75 7 1.642065e+11
76 1 1.000000e+00
76 2 7.500000e+01
76 3 5.625000e+03
76 4 4.218750e+05
76 5 3.164062e+07
76 6 2.373047e+09
76 7 1.779785e+11
77 1 1.000000e+00
77 2 7.600000e+01
77 3 5.776000e+03
77 4 4.389760e+05
77 5 3.336218e+07
77 6 2.535525e+09
77 7 1.926999e+11
78 1 1.000000e+00
78 2 7.700000e+01
78 3 5.929000e+03
78 4 4.565330e+05
78 5 3.515304e+07
78 6 2.706784e+09
78 7 2.084224e+11
79 1 1.000000e+00
79 2 7.800000e+01
79 3 6.084000e+03
79 4 4.745520e+05
79 5 3.701506e+07
79 6 2.887174e+09
79 7 2.251996e+11
80 1 1.000000e+00
80 2 7.900000e+01
80 3 6.241000e+03
80 4 4.930390e+05
80 5 3.895008e+07
80 6 3.077056e+09
80 7 2.430875e+11
81 1 1.000000e+00
81 2 8.000000e+01
81 3 6.400000e+03
81 4 5.120000e+05
81 5 4.096000e+07
81 6 3.276800e+09
81 7 2.621440e+11
82 1 1.000000e+00
82 2 8.100000e+01
82 3 6.561000e+03
82 4 5.314410e+05
82 5 4.304672e+07
82 6 3.486784e+09
82 7 2.824295e+11
83 1 1.000000e+00
83 2 8.200000e+01
83 3 6.724000e+03
83 4 5.513680e+05
83 5 4.521218e+07
83 6 3.707398e+09
83 7 3.040067e+11
84 1 1.000000e+00
84 2 8.300000e+01
84 3 6.889000e+03
84 4 5.717870e+05
84 5 4.745832e+07
84 6 3.939041e+09
84 7 3.269404e+11
85 1 1.000000e+00
85 2 8.400000e+01
85 3 7.056000e+03
85 4 5.927040e+05
85 5 4.978714e+07
85 6 4.182119e+09
85 7 3.512980e+11
86 1 1.000000e+00
86 2 8.500000e+01
86 3 7.225000e+03
86 4 6.141250e+05
86 5 5.220062e+07
86 6 4.437053e+09
86 7 3.771495e+11
87 1 1.000000e+00
87 2 8.600000e+01
87 3 7.396000e+03
87 4 6.360560e+05
87 5 5.470082e+07
87 6 4.704270e+09
87 7 4.045672e+11
88 1 1.000000e+00
88 2 8.700000e+01
88 3 7.569000e+03
88 4 6.585030e+05
88 5 5.728976e+07
88 6 4.984209e+09
88 7 4.336262e+11
89 1 1.000000e+00
89 2 8.800000e+01
89 3 7.744000e+03
89 4 6.814720e+05
89 5 5.996954e+07
89 6 5.277319e+09
89 7 4.644041e+11
90 1 1.000000e+00
90 2 8.900000e+01
90 3 7.921000e+03
90 4 7.049690e+05
90 5 6.274224e+07
90 6 5.584059e+09
90 7 4.969813e+11
91 1 1.000000e+00
91 2 9.000000e+01
91 3 8.100000e+03
91 4 7.290000e+05
91 5 6.561000e+07
91 6 5.904900e+09
91 7 5.314410e+11
92 1 1.000000e+00
92 2 9.100000e+01
92 3 8.281000e+03
92 4 7.535710e+05
92 5 6.857496e+07
92 6 6.240321e+09
92 7 5.678693e+11
93 1 1.000000e+00
93 2 9.200000e+01
93 3 8.464000e+03
93 4 7.786880e+05
93 5 7.163930e+07
93 6 6.590815e+09
93 7 6.063550e+11
94 1 1.000000e+00
94 2 9.300000e+01
94 3 8.649000e+03
94 4 8.043570e+05
94 5 7.480520e+07
94 6 6.956884e+09
94 7 6.469902e+11
95 1 1.000000e+00
95 2 9.400000e+01
95 3 8.836000e+03
95 4 8.305840e+05
95 5 7.807490e+07
95 6 7.339040e+09
95 7 6.898698e+11
96 1 1.000000e+00
96 2 9.500000e+01
96 3 9.025000e+03
96 4 8.573750e+05
96 5 8.145062e+07
96 6 7.737809e+09
96 7 7.350919e+11
97 1 1.000000e+00
97 2 9.600000e+01
97 3 9.216000e+03
97 4 8.847360e+05
97 5 8.493466e+07
97 6 8.153727e+09
97 7 7.827578e+11
98 1 1.000000e+00
98 2 9.700000e+01
98 3 9.409000e+03
98 4 9.126730e+05
98 5 8.852928e+07
98 6 8.587340e+09
98 7 8.329720e+11
99 1 1.000000e+00
99 2 9.800000e+01
99 3 9.604000e+03
99 4 9.411920e+05
99 5 9.223682e+07
99 6 9.039208e+09
99 7 8.858424e+11
100 1 1.000000e+00
100 2 9.900000e+01
100 3 9.801000e+03
100 4 9.702990e+05
100 5 9.605960e+07
100 6 9.509900e+09
100 7 9.414801e+11
101 1 1.000000e+00
101 2 1.000000e+02
101 3 1.000000e+04
101 4 1.000000e+06
101 5 1.000000e+08
101 6 1.000000e+10
101 7 1.000000e+12
102 1 1.000000e+00
102 2 1.010000e+02
102 3 1.020100e+04
102 4 1.030301e+06
102 5 1.040604e+08
102 6 1.051010e+10
102 7 1.061520e+12
103 1 1.000000e+00
103 2 1.020000e+02
103 3 1.040400e+04
103 4 1.061208e+06
103 5 1.082432e+08
103 6 1.104081e+10
103 7 1.126162e+12
104 1 1.000000e+00
104 2 1.030000e+02
104 3 1.060900e+04
104 4 1.092727e+06
104 5 1.125509e+08
104 6 1.159274e+10
104 7 1.194052e+12
105 1 1.000000e+00
105 2 1.040000e+02
105 3 1.081600e+04
105 4 1.124864e+06
105 5 1.169859e+08
105 6 1.216653e+10
105 7 1.265319e+12
106 1 1.000000e+00
106 2 1.050000e+02
106 3 1.102500e+04
106 4 1.157625e+06
106 5 1.215506e+08
106 6 1.276282e+10
106 7 1.340096e+12
107 1 1.000000e+00
107 2 1.060000e+02
107 3 1.123600e+04
107 4 1.191016e+06
107 5 1.262477e+08
107 6 1.338226e+10
107 7 1.418519e+12
108 1 1.000000e+00
108 2 1.070000e+02
108 3 1.144900e+04
108 4 1.225043e+06
108 5 1.310796e+08
108 6 1.402552e+10
108 7 1.500730e+12
109 1 1.000000e+00
109 2 1.080000e+02
109 3 1.166400e+04
109 4 1.259712e+06
109 5 1.360489e+08
109 6 1.469328e+10
109 7 1.586874e+12
110 1 1.000000e+00
110 2 1.090000e+02
110 3 1.188100e+04
110 4 1.295029e+06
110 5 1.411582e+08
110 6 1.538624e+10
110 7 1.677100e+12
111 1 1.000000e+00
111 2 1.100000e+02
111 3 1.210000e+04
111 4 1.331000e+06
111 5 1.464100e+08
111 6 1.610510e+10
111 7 1.771561e+12
112 1 1.000000e+00
112 2 1.110000e+02
112 3 1.232100e+04
112 4 1.367631e+06
112 5 1.518070e+08
112 6 1.685058e+10
112 7 1.870415e+12
113 1 1.000000e+00
113 2 1.120000e+02
113 3 1.254400e+04
113 4 1.404928e+06
113 5 1.573519e+08
113 6 1.762342e+10
113 7 1.973823e+12
114 1 1.000000e+00
114 2 1.130000e+02
114 3 1.276900e+04
114 4 1.442897e+06
114 5 1.630474e+08
114 6 1.842435e+10
114 7 2.081952e+12
115 1 1.000000e+00
115 2 1.140000e+02
115 3 1.299600e+04
115 4 1.481544e+06
115 5 1.688960e+08
115 6 1.925415e+10
115 7 2.194973e+12
116 1 1.000000e+00
116 2 1.150000e+02
116 3 1.322500e+04
116 4 1.520875e+06
116 5 1.749006e+08
116 6 2.011357e+10
116 7 2.313061e+12
117 1 1.000000e+00
117 2 1.160000e+02
117 3 1.345600e+04
117 4 1.560896e+06
117 5 1.810639e+08
117 6 2.100342e+10
117 7 2.436396e+12
118 1 1.000000e+00
118 2 1.170000e+02
118 3 1.368900e+04
118 4 1.601613e+06
118 5 1.873887e+08
118 6 2.192448e+10
118 7 2.565164e+12
119 1 1.000000e+00
119 2 1.180000e+02
119 3 1.392400e+04
119 4 1.643032e+06
119 5 1.938778e+08
119 6 2.287758e+10
119 7 2.699554e+12
120 1 1.000000e+00
120 2 1.190000e+02
120 3 1.416100e+04
120 4 1.685159e+06
120 5 2.005339e+08
120 6 2.386354e+10
120 7 2.839761e+12
121 1 1.000000e+00
121 2 1.200000e+02
121 3 1.440000e+04
121 4 1.728000e+06
121 5 2.073600e+08
121 6 2.488320e+10
121 7 2.985984e+12
122 1 1.000000e+00
122 2 1.210000e+02
122 3 1.464100e+04
122 4 1.771561e+06
122 5 2.143589e+08
122 6 2.593742e+10
122 7 3.138428e+12
123 1 1.000000e+00
123 2 1.220000e+02
123 3 1.488400e+04
123 4 1.815848e+06
123 5 2.215335e+08
123 6 2.702708e+10
123 7 3.297304e+12
124 1 1.000000e+00
124 2 1.230000e+02
124 3 1.512900e+04
124 4 1.860867e+06
124 5 2.288866e+08
124 6 2.815306e+10
124 7 3.462826e+12
125 1 1.000000e+00
125 2 1.240000e+02
125 3 1.537600e+04
125 4 1.906624e+06
125 5 2.364214e+08
125 6 2.931625e+10
125 7 3.635215e+12
126 1 1.000000e+00
126 2 1.250000e+02
126 3 1.562500e+04
126 4 1.953125e+06
126 5 2.441406e+08
126 6 3.051758e+10
126 7 3.814697e+12
127 1 1.000000e+00
127 2 1.260000e+02
127 3 1.587600e+04
127 4 2.000376e+06
127 5 2.520474e+08
127 6 3.175797e+10
127 7 4.001504e+12
128 1 1.000000e+00
128 2 1.270000e+02
128 3 1.612900e+04
128 4 2.048383e+06
128 5 2.601446e+08
128 6 3.303837e+10
128 7 4.195873e+12
129 1 1.000000e+00
129 2 1.280000e+02
129 3 1.638400e+04
129 4 2.097152e+06
129 5 2.684355e+08
129 6 3.435974e+10
129 7 4.398047e+12
130 1 1.000000e+00
130 2 1.290000e+02
130 3 1.664100e+04
130 4 2.146689e+06
130 5 2.769229e+08
130 6 3.572305e+10
130 7 4.608274e+12
131 1 1.000000e+00
131 2 1.300000e+02
131 3 1.690000e+04
131 4 2.197000e+06
131 5 2.856100e+08
131 6 3.712930e+10
131 7 4.826809e+12
132 1 1.000000e+00
132 2 1.310000e+02
132 3 1.716100e+04
132 4 2.248091e+06
132 5 2.944999e+08
132 6 3.857949e+10
132 7 5.053913e+12
133 1 1.000000e+00
133 2 1.320000e+02
133 3 1.742400e+04
133 4 2.299968e+06
133 5 3.035958e+08
133 6 4.007464e+10
133 7 5.289853e+12
134 1 1.000000e+00
134 2 1.330000e+02
134 3 1.768900e+04
134 4 2.352637e+06
134 5 3.129007e+08
134 6 4.161580e+10
134 7 5.534901e+12
135 1 1.000000e+00
135 2 1.340000e+02
135 3 1.795600e+04
135 4 2.406104e+06
135 5 3.224179e+08
135 6 4.320400e+10
135 7 5.789336e+12
136 1 1.000000e+00
136 2 1.350000e+02
136 3 1.822500e+04
136 4 2.460375e+06
136 5 3.321506e+08
136 6 4.484033e+10
136 7 6.053445e+12
137 1 1.000000e+00
137 2 1.360000e+02
137 3 1.849600e+04
137 4 2.515456e+06
137 5 3.421020e+08
137 6 4.652587e+10
137 7 6.327519e+12
138 1 1.000000e+00
138 2 1.370000e+02
138 3 1.876900e+04
138 4 2.571353e+06
138 5 3.522754e+08
138 6 4.826172e+10
138 7 6.611856e+12
139 1 1.000000e+00
139 2 1.380000e+02
139 3 1.904400e+04
139 4 2.628072e+06
139 5 3.626739e+08
139 6 5.004900e+10
139 7 6.906762e+12
140 1 1.000000e+00
140 2 1.390000e+02
140 3 1.932100e+04
140 4 2.685619e+06
140 5 3.733010e+08
140 6 5.188884e+10
140 7 7.212549e+12
141 1 1.000000e+00
141 2 1.400000e+02
141 3 1.960000e+04
141 4 2.744000e+06
141 5 3.841600e+08
141 6 5.378240e+10
141 7 7.529536e+12
142 1 1.000000e+00
142 2 1.410000e+02
142 3 1.988100e+04
142 4 2.803221e+06
142 5 3.952542e+08
142 6 5.573084e+10
142 7 7.858048e+12
143 1 1.000000e+00
143 2 1.420000e+02
143 3 2.016400e+04
143 4 2.863288e+06
143 5 4.065869e+08
143 6 5.773534e+10
143 7 8.198418e+12
144 1 1.000000e+00
144 2 1.430000e+02
144 3 2.044900e+04
144 4 2.924207e+06
144 5 4.181616e+08
144 6 5.979711e+10
144 7 8.550987e+12
145 1 1.000000e+00
145 2 1.440000e+02
145 3 2.073600e+04
145 4 2.985984e+06
145 5 4.299817e+08
145 6 6.191736e+10
145 7 8.916100e+12
146 1 1.000000e+00
146 2 1.450000e+02
146 3 2.102500e+04
146 4 3.048625e+06
146 5 4.420506e+08
146 6 6.409734e+10
146 7 9.294114e+12
147 1 1.000000e+00
147 2 1.460000e+02
147 3 2.131600e+04
147 4 3.112136e+06
147 5 4.543719e+08
147 6 6.633829e+10
147 7 9.685390e+12
148 1 1.000000e+00
148 2 1.470000e+02
148 3 2.160900e+04
148 4 3.176523e+06
148 5 4.669489e+08
148 6 6.864149e+10
148 7 1.009030e+13
149 1 1.000000e+00
149 2 1.480000e+02
149 3 2.190400e+04
149 4 3.241792e+06
149 5 4.797852e+08
149 6 7.100821e+10
149 7 1.050922e+13
150 1 1.000000e+00
150 2 1.490000e+02
150 3 2.220100e+04
150 4 3.307949e+06
150 5 4.928844e+08
150 6 7.343978e+10
150 7 1.094253e+13
151 1 1.000000e+00
151 2 1.500000e+02
151 3 2.250000e+04
151 4 3.375000e+06
151 5 5.062500e+08
151 6 7.593750e+10
151 7 1.139062e+13
152 1 1.000000e+00
152 2 1.510000e+02
152 3 2.280100e+04
152 4 3.442951e+06
152 5 5.198856e+08
152 6 7.850273e+10
152 7 1.185391e+13
153 1 1.000000e+00
153 2 1.520000e+02
153 3 2.310400e+04
153 4 3.511808e+06
153 5 5.337948e+08
153 6 8.113681e+10
153 7 1.233280e+13
154 1 1.000000e+00
154 2 1.530000e+02
154 3 2.340900e+04
154 4 3.581577e+06
154 5 5.479813e+08
154 6 8.384114e+10
154 7 1.282769e+13
155 1 1.000000e+00
155 2 1.540000e+02
155 3 2.371600e+04
155 4 3.652264e+06
155 5 5.624487e+08
155 6 8.661709e+10
155 7 1.333903e+13
156 1 1.000000e+00
156 2 1.550000e+02
156 3 2.402500e+04
156 4 3.723875e+06
156 5 5.772006e+08
156 6 8.946610e+10
156 7 1.386725e+13
157 1 1.000000e+00
157 2 1.560000e+02
157 3 2.433600e+04
157 4 3.796416e+06
157 5 5.922409e+08
157 6 9.238958e+10
157 7 1.441277e+13
158 1 1.000000e+00
158 2 1.570000e+02
158 3 2.464900e+04
158 4 3.869893e+06
158 5 6.075732e+08
158 6 9.538899e+10
158 7 1.497607e+13
159 1 1.000000e+00
159 2 1.580000e+02
159 3 2.496400e+04
159 4 3.944312e+06
159 5 6.232013e+08
159 6 9.846580e+10
159 7 1.555760e+13
160 1 1.000000e+00
160 2 1.590000e+02
160 3 2.528100e+04
160 4 4.019679e+06
160 5 6.391290e+08
160 6 1.016215e+11
160 7 1.615782e+13
161 1 1.000000e+00
161 2 1.600000e+02
161 3 2.560000e+04
161 4 4.096000e+06
161 5 6.553600e+08
161 6 1.048576e+11
161 7 1.677722e+13
162 1 1.000000e+00
162 2 1.610000e+02
162 3 2.592100e+04
162 4 4.173281e+06
162 5 6.718982e+08
162 6 1.081756e+11
162 7 1.741627e+13
163 1 1.000000e+00
163 2 1.620000e+02
163 3 2.624400e+04
163 4 4.251528e+06
163 5 6.887475e+08
163 6 1.115771e+11
163 7 1.807549e+13
164 1 1.000000e+00
164 2 1.630000e+02
164 3 2.656900e+04
164 4 4.330747e+06
164 5 7.059118e+08
164 6 1.150636e+11
164 7 1.875537e+13
165 1 1.000000e+00
165 2 1.640000e+02
165 3 2.689600e+04
165 4 4.410944e+06
165 5 7.233948e+08
165 6 1.186367e+11
165 7 1.945643e+13
166 1 1.000000e+00
166 2 1.650000e+02
166 3 2.722500e+04
166 4 4.492125e+06
166 5 7.412006e+08
166 6 1.222981e+11
166 7 2.017919e+13
167 1 1.000000e+00
167 2 1.660000e+02
167 3 2.755600e+04
167 4 4.574296e+06
167 5 7.593331e+08
167 6 1.260493e+11
167 7 2.092418e+13
168 1 1.000000e+00
168 2 1.670000e+02
168 3 2.788900e+04
168 4 4.657463e+06
168 5 7.777963e+08
168 6 1.298920e+11
168 7 2.169196e+13
169 1 1.000000e+00
169 2 1.680000e+02
169 3 2.822400e+04
169 4 4.741632e+06
169 5 7.965942e+08
169 6 1.338278e+11
169 7 2.248307e+13
170 1 1.000000e+00
170 2 1.690000e+02
170 3 2.856100e+04
170 4 4.826809e+06
170 5 8.157307e+08
170 6 1.378585e+11
170 7 2.329809e+13
171 1 1.000000e+00
171 2 1.700000e+02
171 3 2.890000e+04
171 4 4.913000e+06
171 5 8.352100e+08
171 6 1.419857e+11
171 7 2.413757e+13
172 1 1.000000e+00
172 2 1.710000e+02
172 3 2.924100e+04
172 4 5.000211e+06
172 5 8.550361e+08
172 6 1.462112e+11
172 7 2.500211e+13
173 1 1.000000e+00
173 2 1.720000e+02
173 3 2.958400e+04
173 4 5.088448e+06
173 5 8.752131e+08
173 6 1.505366e+11
173 7 2.589230e+13
174 1 1.000000e+00
174 2 1.730000e+02
174 3 2.992900e+04
174 4 5.177717e+06
174 5 8.957450e+08
174 6 1.549639e+11
174 7 2.680875e+13
175 1 1.000000e+00
175 2 1.740000e+02
175 3 3.027600e+04
175 4 5.268024e+06
175 5 9.166362e+08
175 6 1.594947e+11
175 7 2.775208e+13
176 1 1.000000e+00
176 2 1.750000e+02
176 3 3.062500e+04
176 4 5.359375e+06
176 5 9.378906e+08
176 6 1.641309e+11
176 7 2.872290e+13
177 1 1.000000e+00
177 2 1.760000e+02
177 3 3.097600e+04
177 4 5.451776e+06
177 5 9.595126e+08
177 6 1.688742e+11
177 7 2.972186e+13
178 1 1.000000e+00
178 2 1.770000e+02
178 3 3.132900e+04
178 4 5.545233e+06
178 5 9.815062e+08
178 6 1.737266e+11
178 7 3.074961e+13
179 1 1.000000e+00
179 2 1.780000e+02
179 3 3.168400e+04
179 4 5.639752e+06
179 5 1.003876e+09
179 6 1.786899e+11
179 7 3.180680e+13
180 1 1.000000e+00
180 2 1.790000e+02
180 3 3.204100e+04
180 4 5.735339e+06
180 5 1.026626e+09
180 6 1.837660e+11
180 7 3.289411e+13
181 1 1.000000e+00
181 2 1.800000e+02
181 3 3.240000e+04
181 4 5.832000e+06
181 5 1.049760e+09
181 6 1.889568e+11
181 7 3.401222e+13
182 1 1.000000e+00
182 2 1.810000e+02
182 3 3.276100e+04
182 4 5.929741e+06
182 5 1.073283e+09
182 6 1.942642e+11
182 7 3.516183e+13
183 1 1.000000e+00
183 2 1.820000e+02
183 3 3.312400e+04
183 4 6.028568e+06
183 5 1.097199e+09
183 6 1.996903e+11
183 7 3.634363e+13
184 1 1.000000e+00
184 2 1.830000e+02
184 3 3.348900e+04
184 4 6.128487e+06
184 5 1.121513e+09
184 6 2.052369e+11
184 7 3.755835e+13
185 1 1.000000e+00
185 2 1.840000e+02
185 3 3.385600e+04
185 4 6.229504e+06
185 5 1.146229e+09
185 6 2.109061e+11
185 7 3.880672e+13
186 1 1.000000e+00
186 2 1.850000e+02
186 3 3.422500e+04
186 4 6.331625e+06
186 5 1.171351e+09
186 6 2.166999e+11
186 7 4.008948e+13
187 1 1.000000e+00
187 2 1.860000e+02
187 3 3.459600e+04
187 4 6.434856e+06
187 5 1.196883e+09
187 6 2.226203e+11
187 7 4.140737e+13
188 1 1.000000e+00
188 2 1.870000e+02
188 3 3.496900e+04
188 4 6.539203e+06
188 5 1.222831e+09
188 6 2.286694e+11
188 7 4.276118e+13
189 1 1.000000e+00
189 2 1.880000e+02
189 3 3.534400e+04
189 4 6.644672e+06
189 5 1.249198e+09
189 6 2.348493e+11
189 7 4.415167e+13
190 1 1.000000e+00
190 2 1.890000e+02
190 3 3.572100e+04
190 4 6.751269e+06
190 5 1.275990e+09
190 6 2.411621e+11
190 7 4.557963e+13
191 1 1.000000e+00
191 2 1.900000e+02
191 3 3.610000e+04
191 4 6.859000e+06
191 5 1.303210e+09
191 6 2.476099e+11
191 7 4.704588e+13
192 1 1.000000e+00
192 2 1.910000e+02
192 3 3.648100e+04
192 4 6.967871e+06
192 5 1.330863e+09
192 6 2.541949e+11
192 7 4.855123e+13
193 1 1.000000e+00
193 2 1.920000e+02
193 3 3.686400e+04
193 4 7.077888e+06
193 5 1.358954e+09
193 6 2.609193e+11
193 7 5.009650e+13
194 1 1.000000e+00
194 2 1.930000e+02
194 3 3.724900e+04
194 4 7.189057e+06
194 5 1.387488e+09
194 6 2.677852e+11
194 7 5.168254e+13
195 1 1.000000e+00
195 2 1.940000e+02
195 3 3.763600e+04
195 4 7.301384e+06
195 5 1.416468e+09
195 6 2.747949e+11
195 7 5.331021e+13
196 1 1.000000e+00
196 2 1.950000e+02
196 3 3.802500e+04
196 4 7.414875e+06
196 5 1.445901e+09
196 6 2.819506e+11
196 7 5.498037e+13
197 1 1.000000e+00
197 2 1.960000e+02
197 3 3.841600e+04
197 4 7.529536e+06
197 5 1.475789e+09
197 6 2.892547e+11
197 7 5.669391e+13
198 1 1.000000e+00
198 2 1.970000e+02
198 3 3.880900e+04
198 4 7.645373e+06
198 5 1.506138e+09
198 6 2.967093e+11
198 7 5.845173e+13
199 1 1.000000e+00
199 2 1.980000e+02
199 3 3.920400e+04
199 4 7.762392e+06
199 5 1.536954e+09
199 6 3.043168e+11
199 7 6.025473e+13
200 1 1.000000e+00
200 2 1.990000e+02
200 3 3.960100e+04
200 4 7.880599e+06
200 5 1.568239e+09
200 6 3.120796e+11
200 7 6.210384e+13
201 1 1.000000e+00
201 2 2.000000e+02
201 3 4.000000e+04
201 4 8.000000e+06
201 5 1.600000e+09
201 6 3.200000e+11
201 7 6.400000e+13
202 1 1.000000e+00
202 2 2.010000e+02
202 3 4.040100e+04
202 4 8.120601e+06
202 5 1.632241e+09
202 6 3.280804e+11
202 7 6.594416e+13
203 1 1.000000e+00
203 2 2.020000e+02
203 3 4.080400e+04
203 4 8.242408e+06
203 5 1.664966e+09
203 6 3.363232e+11
203 7 6.793729e+13
204 1 1.000000e+00
204 2 2.030000e+02
204 3 4.120900e+04
204 4 8.365427e+06
204 5 1.698182e+09
204 6 3.447309e+11
204 7 6.998037e+13
205 1 1.000000e+00
205 2 2.040000e+02
205 3 4.161600e+04
205 4 8.489664e+06
205 5 1.731891e+09
205 6 3.533059e+11
205 7 7.207439e+13
206 1 1.000000e+00
206 2 2.050000e+02
206 3 4.202500e+04
206 4 8.615125e+06
206 5 1.766101e+09
206 6 3.620506e+11
206 7 7.422038e+13
207 1 1.000000e+00
207 2 2.060000e+02
207 3 4.243600e+04
207 4 8.741816e+06
207 5 1.800814e+09
207 6 3.709677e+11
207 7 7.641935e+13
208 1 1.000000e+00
208 2 2.070000e+02
208 3 4.284900e+04
208 4 8.869743e+06
208 5 1.836037e+09
208 6 3.800596e+11
208 7 7.867234e+13
209 1 1.000000e+00
209 2 2.080000e+02
209 3 4.326400e+04
209 4 8.998912e+06
209 5 1.871774e+09
209 6 3.893289e+11
209 7 8.098042e+13
210 1 1.000000e+00
210 2 2.090000e+02
210 3 4.368100e+04
210 4 9.129329e+06
210 5 1.908030e+09
210 6 3.987782e+11
210 7 8.334465e+13
211 1 1.000000e+00
211 2 2.100000e+02
211 3 4.410000e+04
211 4 9.261000e+06
211 5 1.944810e+09
211 6 4.084101e+11
211 7 8.576612e+13
212 1 1.000000e+00
212 2 2.110000e+02
212 3 4.452100e+04
212 4 9.393931e+06
212 5 1.982119e+09
212 6 4.182272e+11
212 7 8.824594e+13
213 1 1.000000e+00
213 2 2.120000e+02
213 3 4.494400e+04
213 4 9.528128e+06
213 5 2.019963e+09
213 6 4.282322e+11
213 7 9.078522e+13
214 1 1.000000e+00
214 2 2.130000e+02
214 3 4.536900e+04
214 4 9.663597e+06
214 5 2.058346e+09
214 6 4.384277e+11
214 7 9.338511e+13
215 1 1.000000e+00
215 2 2.140000e+02
215 3 4.579600e+04
215 4 9.800344e+06
215 5 2.097274e+09
215 6 4.488166e+11
215 7 9.604674e+13
216 1 1.000000e+00
216 2 2.150000e+02
216 3 4.622500e+04
216 4 9.938375e+06
216 5 2.136751e+09
216 6 4.594014e+11
216 7 9.877130e+13
217 1 1.000000e+00
217 2 2.160000e+02
217 3 4.665600e+04
217 4 1.007770e+07
217 5 2.176782e+09
217 6 4.701850e+11
217 7 1.015600e+14
218 1 1.000000e+00
218 2 2.170000e+02
218 3 4.708900e+04
218 4 1.021831e+07
218 5 2.217374e+09
218 6 4.811701e+11
218 7 1.044139e+14
219 1 1.000000e+00
219 2 2.180000e+02
219 3 4.752400e+04
219 4 1.036023e+07
219 5 2.258531e+09
219 6 4.923597e+11
219 7 1.073344e+14
220 1 1.000000e+00
220 2 2.190000e+02
220 3 4.796100e+04
220 4 1.050346e+07
220 5 2.300258e+09
220 6 5.037564e+11
220 7 1.103227e+14
221 1 1.000000e+00
221 2 2.200000e+02
221 3 4.840000e+04
221 4 1.064800e+07
221 5 2.342560e+09
221 6 5.153632e+11
221 7 1.133799e+14
222 1 1.000000e+00
222 2 2.210000e+02
222 3 4.884100e+04
222 4 1.079386e+07
222 5 2.385443e+09
222 6 5.271830e+11
222 7 1.165074e+14
223 1 1.000000e+00
223 2 2.220000e+02
223 3 4.928400e+04
223 4 1.094105e+07
223 5 2.428913e+09
223 6 5.392186e+11
223 7 1.197065e+14
224 1 1.000000e+00
224 2 2.230000e+02
224 3 4.972900e+04
224 4 1.108957e+07
224 5 2.472973e+09
224 6 5.514731e+11
224 7 1.229785e+14
225 1 1.000000e+00
225 2 2.240000e+02
225 3 5.017600e+04
225 4 1.123942e+07
225 5 2.517631e+09
225 6 5.639493e+11
225 7 1.263247e+14
226 1 1.000000e+00
226 2 2.250000e+02
226 3 5.062500e+04
226 4 1.139062e+07
226 5 2.562891e+09
226 6 5.766504e+11
226 7 1.297463e+14
227 1 1.000000e+00
227 2 2.260000e+02
227 3 5.107600e+04
227 4 1.154318e+07
227 5 2.608758e+09
227 6 5.895793e+11
227 7 1.332449e+14
228 1 1.000000e+00
228 2 2.270000e+02
228 3 5.152900e+04
228 4 1.169708e+07
228 5 2.655238e+09
228 6 6.027390e+11
228 7 1.368218e+14
229 1 1.000000e+00
229 2 2.280000e+02
229 3 5.198400e+04
229 4 1.185235e+07
229 5 2.702336e+09
229 6 6.161327e+11
229 7 1.404782e+14
230 1 1.000000e+00
230 2 2.290000e+02
230 3 5.244100e+04
230 4 1.200899e+07
230 5 2.750058e+09
230 6 6.297634e+11
230 7 1.442158e+14
231 1 1.000000e+00
231 2 2.300000e+02
231 3 5.290000e+04
231 4 1.216700e+07
231 5 2.798410e+09
231 6 6.436343e+11
231 7 1.480359e+14
232 1 1.000000e+00
232 2 2.310000e+02
232 3 5.336100e+04
232 4 1.232639e+07
232 5 2.847396e+09
232 6 6.577486e+11
232 7 1.519399e+14
233 1 1.000000e+00
233 2 2.320000e+02
233 3 5.382400e+04
233 4 1.248717e+07
233 5 2.897023e+09
233 6 6.721093e+11
233 7 1.559294e+14
234 1 1.000000e+00
234 2 2.330000e+02
234 3 5.428900e+04
234 4 1.264934e+07
234 5 2.947296e+09
234 6 6.867199e+11
234 7 1.600057e+14
235 1 1.000000e+00
235 2 2.340000e+02
235 3 5.475600e+04
235 4 1.281290e+07
235 5 2.998220e+09
235 6 7.015834e+11
235 7 1.641705e+14
236 1 1.000000e+00
236 2 2.350000e+02
236 3 5.522500e+04
236 4 1.297788e+07
236 5 3.049801e+09
236 6 7.167031e+11
236 7 1.684252e+14
237 1 1.000000e+00
237 2 2.360000e+02
237 3 5.569600e+04
237 4 1.314426e+07
237 5 3.102044e+09
237 6 7.320825e+11
237 7 1.727715e+14
238 1 1.000000e+00
238 2 2.370000e+02
238 3 5.616900e+04
238 4 1.331205e+07
238 5 3.154957e+09
238 6 7.477247e+11
238 7 1.772108e+14
239 1 1.000000e+00
239 2 2.380000e+02
239 3 5.664400e+04
239 4 1.348127e+07
239 5 3.208543e+09
239 6 7.636332e+11
239 7 1.817447e+14
240 1 1.000000e+00
240 2 2.390000e+02
240 3 5.712100e+04
240 4 1.365192e+07
240 5 3.262809e+09
240 6 7.798113e+11
240 7 1.863749e+14
241 1 1.000000e+00
241 2 2.400000e+02
241 3 5.760000e+04
241 4 1.382400e+07
241 5 3.317760e+09
241 6 7.962624e+11
241 7 1.911030e+14
242 1 1.000000e+00
242 2 2.410000e+02
242 3 5.808100e+04
242 4 1.399752e+07
242 5 3.373403e+09
242 6 8.129900e+11
242 7 1.959306e+14
243 1 1.000000e+00
243 2 2.420000e+02
243 3 5.856400e+04
243 4 1.417249e+07
243 5 3.429742e+09
243 6 8.299976e+11
243 7 2.008594e+14
244 1 1.000000e+00
244 2 2.430000e+02
244 3 5.904900e+04
244 4 1.434891e+07
244 5 3.486784e+09
244 6 8.472886e+11
244 7 2.058911e+14
245 1 1.000000e+00
245 2 2.440000e+02
245 3 5.953600e+04
245 4 1.452678e+07
245 5 3.544535e+09
245 6 8.648666e+11
245 7 2.110275e+14
246 1 1.000000e+00
246 2 2.450000e+02
246 3 6.002500e+04
246 4 1.470612e+07
246 5 3.603001e+09
246 6 8.827352e+11
246 7 2.162701e+14
247 1 1.000000e+00
247 2 2.460000e+02
247 3 6.051600e+04
247 4 1.488694e+07
247 5 3.662186e+09
247 6 9.008978e+11
247 7 2.216209e+14
248 1 1.000000e+00
248 2 2.470000e+02
248 3 6.100900e+04
248 4 1.506922e+07
248 5 3.722098e+09
248 6 9.193582e+11
248 7 2.270815e+14
249 1 1.000000e+00
249 2 2.480000e+02
249 3 6.150400e+04
249 4 1.525299e+07
249 5 3.782742e+09
249 6 9.381200e+11
249 7 2.326538e+14
250 1 1.000000e+00
250 2 2.490000e+02
250 3 6.200100e+04
250 4 1.543825e+07
250 5 3.844124e+09
250 6 9.571869e+11
250 7 2.383395e+14
251 1 1.000000e+00
251 2 2.500000e+02
251 3 6.250000e+04
251 4 1.562500e+07
251 5 3.906250e+09
251 6 9.765625e+11
251 7 2.441406e+14
252 1 1.000000e+00
252 2 2.510000e+02
252 3 6.300100e+04
252 4 1.581325e+07
252 5 3.969126e+09
252 6 9.962506e+11
252 7 2.500589e+14
253 1 1.000000e+00
253 2 2.520000e+02
253 3 6.350400e+04
253 4 1.600301e+07
253 5 4.032758e+09
253 6 1.016255e+12
253 7 2.560963e+14
254 1 1.000000e+00
254 2 2.530000e+02
254 3 6.400900e+04
254 4 1.619428e+07
254 5 4.097152e+09
254 6 1.036579e+12
254 7 2.622546e+14
255 1 1.000000e+00
255 2 2.540000e+02
255 3 6.451600e+04
255 4 1.638706e+07
255 5 4.162314e+09
255 6 1.057228e+12
255 7 2.685359e+14
256 1 1.000000e+00
256 2 2.550000e+02
256 3 6.502500e+04
256 4 1.658138e+07
256 5 4.228251e+09
256 6 1.078204e+12
256 7 2.749420e+14
257 1 1.000000e+00
257 2 2.560000e+02
257 3 6.553600e+04
257 4 1.677722e+07
257 5 4.294967e+09
257 6 1.099512e+12
257 7 2.814750e+14
258 1 1.000000e+00
258 2 2.570000e+02
258 3 6.604900e+04
258 4 1.697459e+07
258 5 4.362470e+09
258 6 1.121155e+12
258 7 2.881368e+14
259 1 1.000000e+00
259 2 2.580000e+02
259 3 6.656400e+04
259 4 1.717351e+07
259 5 4.430766e+09
259 6 1.143138e+12
259 7 2.949295e+14
260 1 1.000000e+00
260 2 2.590000e+02
260 3 6.708100e+04
260 4 1.737398e+07
260 5 4.499861e+09
260 6 1.165464e+12
260 7 3.018551e+14
261 1 1.000000e+00
261 2 2.600000e+02
261 3 6.760000e+04
261 4 1.757600e+07
261 5 4.569760e+09
261 6 1.188138e+12
261 7 3.089158e+14
262 1 1.000000e+00
262 2 2.610000e+02
262 3 6.812100e+04
262 4 1.777958e+07
262 5 4.640471e+09
262 6 1.211163e+12
262 7 3.161135e+14
263 1 1.000000e+00
263 2 2.620000e+02
263 3 6.864400e+04
263 4 1.798473e+07
263 5 4.711999e+09
263 6 1.234544e+12
263 7 3.234504e+14
264 1 1.000000e+00
264 2 2.630000e+02
264 3 6.916900e+04
264 4 1.819145e+07
264 5 4.784351e+09
264 6 1.258284e+12
264 7 3.309287e+14
265 1 1.000000e+00
265 2 2.640000e+02
265 3 6.969600e+04
265 4 1.839974e+07
265 5 4.857532e+09
265 6 1.282389e+12
265 7 3.385506e+14
266 1 1.000000e+00
266 2 2.650000e+02
266 3 7.022500e+04
266 4 1.860962e+07
266 5 4.931551e+09
266 6 1.306861e+12
266 7 3.463181e+14
267 1 1.000000e+00
267 2 2.660000e+02
267 3 7.075600e+04
267 4 1.882110e+07
267 5 5.006412e+09
267 6 1.331705e+12
267 7 3.542337e+14
268 1 1.000000e+00
268 2 2.670000e+02
268 3 7.128900e+04
268 4 1.903416e+07
268 5 5.082122e+09
268 6 1.356926e+12
268 7 3.622994e+14
269 1 1.000000e+00
269 2 2.680000e+02
269 3 7.182400e+04
269 4 1.924883e+07
269 5 5.158687e+09
269 6 1.382528e+12
269 7 3.705175e+14
270 1 1.000000e+00
270 2 2.690000e+02
270 3 7.236100e+04
270 4 1.946511e+07
270 5 5.236114e+09
270 6 1.408515e+12
270 7 3.788905e+14
271 1 1.000000e+00
271 2 2.700000e+02
271 3 7.290000e+04
271 4 1.968300e+07
271 5 5.314410e+09
271 6 1.434891e+12
271 7 3.874205e+14
272 1 1.000000e+00
272 2 2.710000e+02
272 3 7.344100e+04
272 4 1.990251e+07
272 5 5.393580e+09
272 6 1.461660e+12
272 7 3.961099e+14
273 1 1.000000e+00
273 2 2.720000e+02
273 3 7.398400e+04
273 4 2.012365e+07
273 5 5.473632e+09
273 6 1.488828e+12
273 7 4.049612e+14
274 1 1.000000e+00
274 2 2.730000e+02
274 3 7.452900e+04
274 4 2.034642e+07
274 5 5.554572e+09
274 6 1.516398e+12
274 7 4.139767e+14
275 1 1.000000e+00
275 2 2.740000e+02
275 3 7.507600e+04
275 4 2.057082e+07
275 5 5.636406e+09
275 6 1.544375e+12
275 7 4.231588e+14
276 1 1.000000e+00
276 2 2.750000e+02
276 3 7.562500e+04
276 4 2.079688e+07
276 5 5.719141e+09
276 6 1.572764e+12
276 7 4.325100e+14
277 1 1.000000e+00
277 2 2.760000e+02
277 3 7.617600e+04
277 4 2.102458e+07
277 5 5.802783e+09
277 6 1.601568e+12
277 7 4.420328e+14
278 1 1.000000e+00
278 2 2.770000e+02
278 3 7.672900e+04
278 4 2.125393e+07
278 5 5.887339e+09
278 6 1.630793e+12
278 7 4.517297e+14
279 1 1.000000e+00
279 2 2.780000e+02
279 3 7.728400e+04
279 4 2.148495e+07
279 5 5.972817e+09
279 6 1.660443e+12
279 7 4.616032e+14
280 1 1.000000e+00
280 2 2.790000e+02
280 3 7.784100e+04
280 4 2.171764e+07
280 5 6.059221e+09
280 6 1.690523e+12
280 7 4.716558e+14
281 1 1.000000e+00
281 2 2.800000e+02
281 3 7.840000e+04
281 4 2.195200e+07
281 5 6.146560e+09
281 6 1.721037e+12
281 7 4.818903e+14
282 1 1.000000e+00
282 2 2.810000e+02
282 3 7.896100e+04
282 4 2.218804e+07
282 5 6.234840e+09
282 6 1.751990e+12
282 7 4.923092e+14
283 1 1.000000e+00
283 2 2.820000e+02
283 3 7.952400e+04
283 4 2.242577e+07
283 5 6.324067e+09
283 6 1.783387e+12
283 7 5.029151e+14
284 1 1.000000e+00
284 2 2.830000e+02
284 3 8.008900e+04
284 4 2.266519e+07
284 5 6.414248e+09
284 6 1.815232e+12
284 7 5.137107e+14
285 1 1.000000e+00
285 2 2.840000e+02
285 3 8.065600e+04
285 4 2.290630e+07
285 5 6.505390e+09
285 6 1.847531e+12
285 7 5.246988e+14
286 1 1.000000e+00
286 2 2.850000e+02
286 3 8.122500e+04
286 4 2.314912e+07
286 5 6.597501e+09
286 6 1.880288e+12
286 7 5.358820e+14
287 1 1.000000e+00
287 2 2.860000e+02
287 3 8.179600e+04
287 4 2.339366e+07
287 5 6.690586e+09
287 6 1.913507e+12
287 7 5.472631e+14
288 1 1.000000e+00
288 2 2.870000e+02
288 3 8.236900e+04
288 4 2.363990e+07
288 5 6.784652e+09
288 6 1.947195e+12
288 7 5.588450e+14
289 1 1.000000e+00
289 2 2.880000e+02
289 3 8.294400e+04
289 4 2.388787e+07
289 5 6.879707e+09
289 6 1.981356e+12
289 7 5.706304e+14
290 1 1.000000e+00
290 2 2.890000e+02
290 3 8.352100e+04
290 4 2.413757e+07
290 5 6.975757e+09
290 6 2.015994e+12
290 7 5.826222e+14
291 1 1.000000e+00
291 2 2.900000e+02
291 3 8.410000e+04
291 4 2.438900e+07
291 5 7.072810e+09
291 6 2.051115e+12
291 7 5.948233e+14
292 1 1.000000e+00
292 2 2.910000e+02
292 3 8.468100e+04
292 4 2.464217e+07
292 5 7.170872e+09
292 6 2.086724e+12
292 7 6.072366e+14
293 1 1.000000e+00
293 2 2.920000e+02
293 3 8.526400e+04
293 4 2.489709e+07
293 5 7.269950e+09
293 6 2.122825e+12
293 7 6.198650e+14
294 1 1.000000e+00
294 2 2.930000e+02
294 3 8.584900e+04
294 4 2.515376e+07
294 5 7.370051e+09
294 6 2.159425e+12
294 7 6.327115e+14
295 1 1.000000e+00
295 2 2.940000e+02
295 3 8.643600e+04
295 4 2.541218e+07
295 5 7.471182e+09
295 6 2.196528e+12
295 7 6.457791e+14
296 1 1.000000e+00
296 2 2.950000e+02
296 3 8.702500e+04
296 4 2.567238e+07
296 5 7.573351e+09
296 6 2.234138e+12
296 7 6.590708e+14
297 1 1.000000e+00
297 2 2.960000e+02
297 3 8.761600e+04
297 4 2.593434e+07
297 5 7.676563e+09
297 6 2.272263e+12
297 7 6.725898e+14
298 1 1.000000e+00
298 2 2.970000e+02
298 3 8.820900e+04
298 4 2.619807e+07
298 5 7.780828e+09
298 6 2.310906e+12
298 7 6.863390e+14
299 1 1.000000e+00
299 2 2.980000e+02
299 3 8.880400e+04
299 4 2.646359e+07
299 5 7.886150e+09
299 6 2.350073e+12
299 7 7.003217e+14
300 1 1.000000e+00
300 2 2.990000e+02
300 3 8.940100e+04
300 4 2.673090e+07
300 5 7.992539e+09
300 6 2.389769e+12
300 7 7.145410e+14
301 1 1.000000e+00
301 2 3.000000e+02
301 3 9.000000e+04
301 4 2.700000e+07
301 5 8.100000e+09
301 6 2.430000e+12
301 7 7.290000e+14
302 1 1.000000e+00
302 2 3.010000e+02
302 3 9.060100e+04
302 4 2.727090e+07
302 5 8.208541e+09
302 6 2.470771e+12
302 7 7.437020e+14
303 1 1.000000e+00
303 2 3.020000e+02
303 3 9.120400e+04
303 4 2.754361e+07
303 5 8.318170e+09
303 6 2.512087e+12
303 7 7.586503e+14
304 1 1.000000e+00
304 2 3.030000e+02
304 3 9.180900e+04
304 4 2.781813e+07
304 5 8.428892e+09
304 6 2.553954e+12
304 7 7.738482e+14
305 1 1.000000e+00
305 2 3.040000e+02
305 3 9.241600e+04
305 4 2.809446e+07
305 5 8.540717e+09
305 6 2.596378e+12
305 7 7.892989e+14
306 1 1.000000e+00
306 2 3.050000e+02
306 3 9.302500e+04
306 4 2.837262e+07
306 5 8.653651e+09
306 6 2.639363e+12
306 7 8.050058e+14
307 1 1.000000e+00
307 2 3.060000e+02
307 3 9.363600e+04
307 4 2.865262e+07
307 5 8.767700e+09
307 6 2.682916e+12
307 7 8.209724e+14
308 1 1.000000e+00
308 2 3.070000e+02
308 3 9.424900e+04
308 4 2.893444e+07
308 5 8.882874e+09
308 6 2.727042e+12
308 7 8.372020e+14
309 1 1.000000e+00
309 2 3.080000e+02
309 3 9.486400e+04
309 4 2.921811e+07
309 5 8.999178e+09
309 6 2.771747e+12
309 7 8.536981e+14
310 1 1.000000e+00
310 2 3.090000e+02
310 3 9.548100e+04
310 4 2.950363e+07
310 5 9.116621e+09
310 6 2.817036e+12
310 7 8.704641e+14
311 1 1.000000e+00
311 2 3.100000e+02
311 3 9.610000e+04
311 4 2.979100e+07
311 5 9.235210e+09
311 6 2.862915e+12
311 7 8.875037e+14
312 1 1.000000e+00
312 2 3.110000e+02
312 3 9.672100e+04
312 4 3.008023e+07
312 5 9.354952e+09
312 6 2.909390e+12
312 7 9.048203e+14
313 1 1.000000e+00
313 2 3.120000e+02
313 3 9.734400e+04
313 4 3.037133e+07
313 5 9.475854e+09
313 6 2.956467e+12
313 7 9.224176e+14
314 1 1.000000e+00
314 2 3.130000e+02
314 3 9.796900e+04
314 4 3.066430e+07
314 5 9.597925e+09
314 6 3.004151e+12
314 7 9.402991e+14
315 1 1.000000e+00
315 2 3.140000e+02
315 3 9.859600e+04
315 4 3.095914e+07
315 5 9.721171e+09
315 6 3.052448e+12
315 7 9.584686e+14
316 1 1.000000e+00
316 2 3.150000e+02
316 3 9.922500e+04
316 4 3.125588e+07
316 5 9.845601e+09
316 6 3.101364e+12
316 7 9.769297e+14
317 1 1.000000e+00
317 2 3.160000e+02
317 3 9.985600e+04
317 4 3.155450e+07
317 5 9.971221e+09
317 6 3.150906e+12
317 7 9.956862e+14
318 1 1.000000e+00
318 2 3.170000e+02
318 3 1.004890e+05
318 4 3.185501e+07
318 5 1.009804e+10
318 6 3.201078e+12
318 7 1.014742e+15
319 1 1.000000e+00
319 2 3.180000e+02
319 3 1.011240e+05
319 4 3.215743e+07
319 5 1.022606e+10
319 6 3.251888e+12
319 7 1.034100e+15
320 1 1.000000e+00
320 2 3.190000e+02
320 3 1.017610e+05
320 4 3.246176e+07
320 5 1.035530e+10
320 6 3.303341e+12
320 7 1.053766e+15
321 1 1.000000e+00
321 2 3.200000e+02
321 3 1.024000e+05
321 4 3.276800e+07
321 5 1.048576e+10
321 6 3.355443e+12
321 7 1.073742e+15
322 1 1.000000e+00
322 2 3.210000e+02
322 3 1.030410e+05
322 4 3.307616e+07
322 5 1.061745e+10
322 6 3.408201e+12
322 7 1.094032e+15
323 1 1.000000e+00
323 2 3.220000e+02
323 3 1.036840e+05
323 4 3.338625e+07
323 5 1.075037e+10
323 6 3.461620e+12
323 7 1.114642e+15
324 1 1.000000e+00
324 2 3.230000e+02
324 3 1.043290e+05
324 4 3.369827e+07
324 5 1.088454e+10
324 6 3.515706e+12
324 7 1.135573e+15
325 1 1.000000e+00
325 2 3.240000e+02
325 3 1.049760e+05
325 4 3.401222e+07
325 5 1.101996e+10
325 6 3.570467e+12
325 7 1.156831e+15
326 1 1.000000e+00
326 2 3.250000e+02
326 3 1.056250e+05
326 4 3.432812e+07
326 5 1.115664e+10
326 6 3.625908e+12
326 7 1.178420e+15
327 1 1.000000e+00
327 2 3.260000e+02
327 3 1.062760e+05
327 4 3.464598e+07
327 5 1.129459e+10
327 6 3.682036e+12
327 7 1.200344e+15
328 1 1.000000e+00
328 2 3.270000e+02
328 3 1.069290e+05
328 4 3.496578e+07
328 5 1.143381e+10
328 6 3.738856e+12
328 7 1.222606e+15
329 1 1.000000e+00
329 2 3.280000e+02
329 3 1.075840e+05
329 4 3.528755e+07
329 5 1.157432e+10
329 6 3.796376e+12
329 7 1.245211e+15
330 1 1.000000e+00
330 2 3.290000e+02
330 3 1.082410e+05
330 4 3.561129e+07
330 5 1.171611e+10
330 6 3.854602e+12
330 7 1.268164e+15
331 1 1.000000e+00
331 2 3.300000e+02
331 3 1.089000e+05
331 4 3.593700e+07
331 5 1.185921e+10
331 6 3.913539e+12
331 7 1.291468e+15
332 1 1.000000e+00
332 2 3.310000e+02
332 3 1.095610e+05
332 4 3.626469e+07
332 5 1.200361e+10
332 6 3.973196e+12
332 7 1.315128e+15
333 1 1.000000e+00
333 2 3.320000e+02
333 3 1.102240e+05
333 4 3.659437e+07
333 5 1.214933e+10
333 6 4.033578e+12
333 7 1.339148e+15
334 1 1.000000e+00
334 2 3.330000e+02
334 3 1.108890e+05
334 4 3.692604e+07
334 5 1.229637e+10
334 6 4.094691e+12
334 7 1.363532e+15
335 1 1.000000e+00
335 2 3.340000e+02
335 3 1.115560e+05
335 4 3.725970e+07
335 5 1.244474e+10
335 6 4.156544e+12
335 7 1.388286e+15
336 1 1.000000e+00
336 2 3.350000e+02
336 3 1.122250e+05
336 4 3.759538e+07
336 5 1.259445e+10
336 6 4.219141e+12
336 7 1.413412e+15
337 1 1.000000e+00
337 2 3.360000e+02
337 3 1.128960e+05
337 4 3.793306e+07
337 5 1.274551e+10
337 6 4.282490e+12
337 7 1.438917e+15
338 1 1.000000e+00
338 2 3.370000e+02
338 3 1.135690e+05
338 4 3.827275e+07
338 5 1.289792e+10
338 6 4.346598e+12
338 7 1.464804e+15
339 1 1.000000e+00
339 2 3.380000e+02
339 3 1.142440e+05
339 4 3.861447e+07
339 5 1.305169e+10
339 6 4.411472e+12
339 7 1.491077e+15
340 1 1.000000e+00
340 2 3.390000e+02
340 3 1.149210e+05
340 4 3.895822e+07
340 5 1.320684e+10
340 6 4.477117e+12
340 7 1.517743e+15
341 1 1.000000e+00
341 2 3.400000e+02
341 3 1.156000e+05
341 4 3.930400e+07
341 5 1.336336e+10
341 6 4.543542e+12
341 7 1.544804e+15
342 1 1.000000e+00
342 2 3.410000e+02
342 3 1.162810e+05
342 4 3.965182e+07
342 5 1.352127e+10
342 6 4.610753e+12
342 7 1.572267e+15
343 1 1.000000e+00
343 2 3.420000e+02
343 3 1.169640e+05
343 4 4.000169e+07
343 5 1.368058e+10
343 6 4.678757e+12
343 7 1.600135e+15
344 1 1.000000e+00
344 2 3.430000e+02
344 3 1.176490e+05
344 4 4.035361e+07
344 5 1.384129e+10
344 6 4.747562e+12
344 7 1.628414e+15
345 1 1.000000e+00
345 2 3.440000e+02
345 3 1.183360e+05
345 4 4.070758e+07
345 5 1.400341e+10
345 6 4.817173e+12
345 7 1.657107e+15
346 1 1.000000e+00
346 2 3.450000e+02
346 3 1.190250e+05
346 4 4.106362e+07
346 5 1.416695e+10
346 6 4.887598e+12
346 7 1.686221e+15
347 1 1.000000e+00
347 2 3.460000e+02
347 3 1.197160e+05
347 4 4.142174e+07
347 5 1.433192e+10
347 6 4.958845e+12
347 7 1.715760e+15
348 1 1.000000e+00
348 2 3.470000e+02
348 3 1.204090e+05
348 4 4.178192e+07
348 5 1.449833e+10
348 6 5.030920e+12
348 7 1.745729e+15
349 1 1.000000e+00
349 2 3.480000e+02
349 3 1.211040e+05
349 4 4.214419e+07
349 5 1.466618e+10
349 6 5.103830e+12
349 7 1.776133e+15
350 1 1.000000e+00
350 2 3.490000e+02
350 3 1.218010e+05
350 4 4.250855e+07
350 5 1.483548e+10
350 6 5.177584e+12
350 7 1.806977e+15
351 1 1.000000e+00
351 2 3.500000e+02
351 3 1.225000e+05
351 4 4.287500e+07
351 5 1.500625e+10
351 6 5.252188e+12
351 7 1.838266e+15
352 1 1.000000e+00
352 2 3.510000e+02
352 3 1.232010e+05
352 4 4.324355e+07
352 5 1.517849e+10
352 6 5.327649e+12
352 7 1.870005e+15
353 1 1.000000e+00
353 2 3.520000e+02
353 3 1.239040e+05
353 4 4.361421e+07
353 5 1.535220e+10
353 6 5.403975e+12
353 7 1.902199e+15
354 1 1.000000e+00
354 2 3.530000e+02
354 3 1.246090e+05
354 4 4.398698e+07
354 5 1.552740e+10
354 6 5.481173e+12
354 7 1.934854e+15
355 1 1.000000e+00
355 2 3.540000e+02
355 3 1.253160e+05
355 4 4.436186e+07
355 5 1.570410e+10
355 6 5.559251e+12
355 7 1.967975e+15
356 1 1.000000e+00
356 2 3.550000e+02
356 3 1.260250e+05
356 4 4.473888e+07
356 5 1.588230e+10
356 6 5.638217e+12
356 7 2.001567e+15
357 1 1.000000e+00
357 2 3.560000e+02
357 3 1.267360e+05
357 4 4.511802e+07
357 5 1.606201e+10
357 6 5.718077e+12
357 7 2.035635e+15
358 1 1.000000e+00
358 2 3.570000e+02
358 3 1.274490e+05
358 4 4.549929e+07
358 5 1.624325e+10
358 6 5.798839e+12
358 7 2.070186e+15
359 1 1.000000e+00
359 2 3.580000e+02
359 3 1.281640e+05
359 4 4.588271e+07
359 5 1.642601e+10
359 6 5.880512e+12
359 7 2.105223e+15
360 1 1.000000e+00
360 2 3.590000e+02
360 3 1.288810e+05
360 4 4.626828e+07
360 5 1.661031e+10
360 6 5.963102e+12
360 7 2.140754e+15
361 1 1.000000e+00
361 2 3.600000e+02
361 3 1.296000e+05
361 4 4.665600e+07
361 5 1.679616e+10
361 6 6.046618e+12
361 7 2.176782e+15
362 1 1.000000e+00
362 2 3.610000e+02
362 3 1.303210e+05
362 4 4.704588e+07
362 5 1.698356e+10
362 6 6.131066e+12
362 7 2.213315e+15
363 1 1.000000e+00
363 2 3.620000e+02
363 3 1.310440e+05
363 4 4.743793e+07
363 5 1.717253e+10
363 6 6.216456e+12
363 7 2.250357e+15
364 1 1.000000e+00
364 2 3.630000e+02
364 3 1.317690e+05
364 4 4.783215e+07
364 5 1.736307e+10
364 6 6.302794e+12
364 7 2.287914e+15
365 1 1.000000e+00
365 2 3.640000e+02
365 3 1.324960e+05
365 4 4.822854e+07
365 5 1.755519e+10
365 6 6.390089e+12
365 7 2.325992e+15
366 1 1.000000e+00
366 2 3.650000e+02
366 3 1.332250e+05
366 4 4.862712e+07
366 5 1.774890e+10
366 6 6.478349e+12
366 7 2.364597e+15
;
param y := 
1 1.500000e+01
2 1.700000e+01
3 1.750000e+01
4 1.300000e+01
5 1.450000e+01
6 1.500000e+01
7 1.400000e+01
8 1.500000e+01
9 1.500000e+01
10 1.550000e+01
11 1.650000e+01
12 1.250000e+01
13 1.100000e+01
14 1.400000e+01
15 1.500000e+01
16 1.300000e+01
17 1.500000e+01
18 1.400000e+01
19 1.150000e+01
20 1.450000e+01
21 1.450000e+01
22 1.500000e+01
23 1.200000e+01
24 1.200000e+01
25 1.500000e+01
26 1.650000e+01
27 1.500000e+01
28 8.000000e+00
29 1.150000e+01
30 1.550000e+01
31 1.850000e+01
32 1.750000e+01
33 2.000000e+01
34 1.950000e+01
35 1.350000e+01
36 1.350000e+01
37 1.400000e+01
38 1.300000e+01
39 1.250000e+01
40 1.100000e+01
41 1.050000e+01
42 1.300000e+01
43 1.350000e+01
44 1.250000e+01
45 1.550000e+01
46 1.650000e+01
47 1.650000e+01
48 1.550000e+01
49 1.400000e+01
50 1.700000e+01
51 1.600000e+01
52 1.750000e+01
53 1.850000e+01
54 2.050000e+01
55 1.900000e+01
56 1.650000e+01
57 1.800000e+01
58 1.450000e+01
59 1.550000e+01
60 1.650000e+01
61 1.700000e+01
62 1.200000e+01
63 1.600000e+01
64 1.500000e+01
65 1.600000e+01
66 1.600000e+01
67 1.750000e+01
68 1.700000e+01
69 1.250000e+01
70 1.300000e+01
71 1.250000e+01
72 1.500000e+01
73 1.700000e+01
74 1.950000e+01
75 1.950000e+01
76 2.150000e+01
77 2.100000e+01
78 1.950000e+01
79 1.850000e+01
80 1.650000e+01
81 1.400000e+01
82 1.700000e+01
83 1.800000e+01
84 1.900000e+01
85 1.800000e+01
86 2.100000e+01
87 2.200000e+01
88 2.250000e+01
89 2.000000e+01
90 2.250000e+01
91 2.250000e+01
92 2.200000e+01
93 2.150000e+01
94 1.900000e+01
95 2.100000e+01
96 2.100000e+01
97 2.100000e+01
98 2.200000e+01
99 2.250000e+01
100 2.200000e+01
101 2.100000e+01
102 2.100000e+01
103 2.300000e+01
104 2.150000e+01
105 2.200000e+01
106 2.200000e+01
107 2.200000e+01
108 2.150000e+01
109 2.250000e+01
110 1.850000e+01
111 1.600000e+01
112 1.700000e+01
113 1.450000e+01
114 1.700000e+01
115 1.900000e+01
116 2.050000e+01
117 2.000000e+01
118 2.150000e+01
119 2.200000e+01
120 2.350000e+01
121 2.200000e+01
122 2.200000e+01
123 2.250000e+01
124 2.250000e+01
125 2.300000e+01
126 2.150000e+01
127 2.050000e+01
128 2.100000e+01
129 2.400000e+01
130 2.250000e+01
131 2.250000e+01
132 2.050000e+01
133 2.000000e+01
134 1.900000e+01
135 1.950000e+01
136 1.750000e+01
137 1.950000e+01
138 2.150000e+01
139 2.200000e+01
140 2.150000e+01
141 2.250000e+01
142 2.200000e+01
143 2.350000e+01
144 2.300000e+01
145 2.400000e+01
146 2.150000e+01
147 2.200000e+01
148 2.250000e+01
149 2.100000e+01
150 2.000000e+01
151 2.100000e+01
152 2.100000e+01
153 1.950000e+01
154 1.950000e+01
155 1.900000e+01
156 1.950000e+01
157 1.850000e+01
158 1.700000e+01
159 1.800000e+01
160 1.850000e+01
161 1.900000e+01
162 1.900000e+01
163 1.950000e+01
164 1.900000e+01
165 1.850000e+01
166 2.000000e+01
167 2.050000e+01
168 2.150000e+01
169 1.850000e+01
170 2.050000e+01
171 1.950000e+01
172 1.750000e+01
173 1.800000e+01
174 1.950000e+01
175 1.750000e+01
176 1.850000e+01
177 1.900000e+01
178 1.900000e+01
179 2.050000e+01
180 2.000000e+01
181 1.900000e+01
182 1.900000e+01
183 1.900000e+01
184 1.950000e+01
185 2.000000e+01
186 2.000000e+01
187 1.950000e+01
188 2.050000e+01
189 2.050000e+01
190 1.950000e+01
191 2.050000e+01
192 1.900000e+01
193 1.800000e+01
194 1.800000e+01
195 1.800000e+01
196 1.850000e+01
197 1.900000e+01
198 1.850000e+01
199 1.900000e+01
200 1.900000e+01
201 1.850000e+01
202 1.850000e+01
203 1.800000e+01
204 1.850000e+01
205 2.000000e+01
206 1.900000e+01
207 2.050000e+01
208 2.000000e+01
209 1.950000e+01
210 1.900000e+01
211 1.850000e+01
212 1.850000e+01
213 1.850000e+01
214 1.900000e+01
215 2.000000e+01
216 1.900000e+01
217 2.000000e+01
218 1.850000e+01
219 1.750000e+01
220 1.950000e+01
221 1.750000e+01
222 2.100000e+01
223 1.900000e+01
224 2.000000e+01
225 2.050000e+01
226 2.000000e+01
227 1.900000e+01
228 1.950000e+01
229 1.850000e+01
230 1.950000e+01
231 2.000000e+01
232 2.100000e+01
233 2.000000e+01
234 1.900000e+01
235 1.750000e+01
236 1.750000e+01
237 1.950000e+01
238 1.950000e+01
239 1.950000e+01
240 2.050000e+01
241 2.050000e+01
242 2.000000e+01
243 1.950000e+01
244 1.950000e+01
245 2.000000e+01
246 2.050000e+01
247 2.150000e+01
248 1.650000e+01
249 1.750000e+01
250 2.000000e+01
251 2.100000e+01
252 2.250000e+01
253 2.200000e+01
254 2.250000e+01
255 2.150000e+01
256 2.100000e+01
257 2.100000e+01
258 1.900000e+01
259 2.000000e+01
260 1.950000e+01
261 2.050000e+01
262 2.050000e+01
263 1.900000e+01
264 1.850000e+01
265 1.700000e+01
266 1.900000e+01
267 1.800000e+01
268 1.700000e+01
269 1.850000e+01
270 2.100000e+01
271 1.750000e+01
272 1.800000e+01
273 1.850000e+01
274 1.950000e+01
275 1.850000e+01
276 1.900000e+01
277 1.950000e+01
278 1.950000e+01
279 2.000000e+01
280 1.950000e+01
281 1.900000e+01
282 1.750000e+01
283 1.500000e+01
284 1.600000e+01
285 1.900000e+01
286 1.900000e+01
287 2.000000e+01
288 1.700000e+01
289 1.800000e+01
290 1.800000e+01
291 1.800000e+01
292 1.900000e+01
293 1.800000e+01
294 1.800000e+01
295 1.550000e+01
296 1.550000e+01
297 1.700000e+01
298 1.900000e+01
299 1.750000e+01
300 1.600000e+01
301 1.450000e+01
302 1.250000e+01
303 1.550000e+01
304 1.750000e+01
305 1.600000e+01
306 1.750000e+01
307 1.800000e+01
308 1.750000e+01
309 1.650000e+01
310 1.750000e+01
311 1.900000e+01
312 1.750000e+01
313 1.750000e+01
314 1.350000e+01
315 1.300000e+01
316 1.400000e+01
317 1.650000e+01
318 1.550000e+01
319 1.700000e+01
320 1.650000e+01
321 1.300000e+01
322 1.500000e+01
323 1.600000e+01
324 1.200000e+01
325 1.300000e+01
326 1.350000e+01
327 1.550000e+01
328 4.500000e+00
329 1.450000e+01
330 1.450000e+01
331 1.300000e+01
332 1.500000e+01
333 1.600000e+01
334 1.800000e+01
335 1.850000e+01
336 1.850000e+01
337 1.900000e+01
338 1.700000e+01
339 1.750000e+01
340 1.700000e+01
341 1.800000e+01
342 1.800000e+01
343 1.750000e+01
344 1.650000e+01
345 1.500000e+01
346 1.650000e+01
347 1.700000e+01
348 1.550000e+01
349 1.600000e+01
350 1.650000e+01
351 1.750000e+01
352 1.750000e+01
353 1.750000e+01
354 1.700000e+01
355 1.600000e+01
356 1.600000e+01
357 1.600000e+01
358 1.450000e+01
359 1.650000e+01
360 1.550000e+01
361 1.600000e+01
362 1.500000e+01
363 1.800000e+01
364 1.700000e+01
365 1.550000e+01
366 1.550000e+01
;